35433c86-e8db-11ea-933f-b5a29be13390,116,76,35,49,1
35440aa8-e8db-11ea-933f-b5a29be13390,91,113,52,60,1
3544d492-e8db-11ea-933f-b5a29be13390,162,13,88,82,1
35459e36-e8db-11ea-933f-b5a29be13390,5,151,49,75,1
35465830-e8db-11ea-933f-b5a29be13390,111,127,21,44,1
354715cc-e8db-11ea-933f-b5a29be13390,199,83,34,45,1
3547d246-e8db-11ea-933f-b5a29be13390,77,105,29,40,1
35489302-e8db-11ea-933f-b5a29be13390,192,103,36,62,1
35495b84-e8db-11ea-933f-b5a29be13390,42,2,42,63,1
354a195c-e8db-11ea-933f-b5a29be13390,49,84,33,55,1
354ade5a-e8db-11ea-933f-b5a29be13390,143,83,26,38,1
354bab5a-e8db-11ea-933f-b5a29be13390,43,104,31,49,1
354c7454-e8db-11ea-933f-b5a29be13390,73,68,36,47,1
354d3bfa-e8db-11ea-933f-b5a29be13390,138,97,32,38,1
354e01ca-e8db-11ea-933f-b5a29be13390,83,33,42,49,1
354ec6c8-e8db-11ea-933f-b5a29be13390,42,70,37,42,1
354f935a-e8db-11ea-933f-b5a29be13390,60,120,71,99,1
35504584-e8db-11ea-933f-b5a29be13390,145,150,27,47,1
35510780-e8db-11ea-933f-b5a29be13390,97,101,65,103,1
3551d3b8-e8db-11ea-933f-b5a29be13390,121,9,32,56,1
35529a82-e8db-11ea-933f-b5a29be13390,71,121,24,46,1
35535a9e-e8db-11ea-933f-b5a29be13390,120,53,49,62,1
3554224e-e8db-11ea-933f-b5a29be13390,124,86,46,59,1
3554ea44-e8db-11ea-933f-b5a29be13390,84,72,33,60,1
3555aaec-e8db-11ea-933f-b5a29be13390,23,122,38,78,1
35566702-e8db-11ea-933f-b5a29be13390,128,52,39,71,1
35572b1a-e8db-11ea-933f-b5a29be13390,82,122,53,54,1
3557d63c-e8db-11ea-933f-b5a29be13390,140,66,41,57,1
35589388-e8db-11ea-933f-b5a29be13390,102,95,25,46,1
35596074-e8db-11ea-933f-b5a29be13390,113,168,50,71,1
355a27ac-e8db-11ea-933f-b5a29be13390,126,63,30,54,1
355af2ea-e8db-11ea-933f-b5a29be13390,110,31,54,71,1
355bbce8-e8db-11ea-933f-b5a29be13390,105,85,29,64,1
355c804c-e8db-11ea-933f-b5a29be13390,34,44,49,58,1
355d452c-e8db-11ea-933f-b5a29be13390,180,93,50,53,1
355df79c-e8db-11ea-933f-b5a29be13390,142,112,27,35,1
355e6100-e8db-11ea-933f-b5a29be13390,106,79,36,44,1
355ebe16-e8db-11ea-933f-b5a29be13390,84,91,32,48,1
355f23f6-e8db-11ea-933f-b5a29be13390,165,62,34,48,1
355f8aee-e8db-11ea-933f-b5a29be13390,110,92,28,35,1
355fed4a-e8db-11ea-933f-b5a29be13390,127,137,29,56,1
35605b5e-e8db-11ea-933f-b5a29be13390,121,106,37,50,1
3560c6ca-e8db-11ea-933f-b5a29be13390,107,118,46,59,1
35612958-e8db-11ea-933f-b5a29be13390,125,48,36,65,1
35618efc-e8db-11ea-933f-b5a29be13390,156,45,32,57,1
3561f554-e8db-11ea-933f-b5a29be13390,118,62,36,57,1
356258aa-e8db-11ea-933f-b5a29be13390,182,100,66,131,1
3562bcd2-e8db-11ea-933f-b5a29be13390,149,47,33,52,1
3563228a-e8db-11ea-933f-b5a29be13390,183,29,40,68,1
356389a0-e8db-11ea-933f-b5a29be13390,94,6,27,61,1
3563ed6e-e8db-11ea-933f-b5a29be13390,131,21,31,54,1
35645100-e8db-11ea-933f-b5a29be13390,86,83,31,48,1
3564b7a8-e8db-11ea-933f-b5a29be13390,41,167,45,85,1
35651e32-e8db-11ea-933f-b5a29be13390,129,72,24,45,1
35658408-e8db-11ea-933f-b5a29be13390,124,114,21,33,1
3565e2fe-e8db-11ea-933f-b5a29be13390,132,63,57,81,1
35664686-e8db-11ea-933f-b5a29be13390,136,63,28,47,1
3566aea0-e8db-11ea-933f-b5a29be13390,16,43,32,51,1
356714ee-e8db-11ea-933f-b5a29be13390,119,90,38,53,1
356779d4-e8db-11ea-933f-b5a29be13390,54,74,34,53,1
3567d596-e8db-11ea-933f-b5a29be13390,22,67,91,187,1
35683cfc-e8db-11ea-933f-b5a29be13390,151,27,43,61,1
3568a0c0-e8db-11ea-933f-b5a29be13390,73,128,28,50,1
35690614-e8db-11ea-933f-b5a29be13390,181,110,29,59,1
3598ecbc-e8db-11ea-933f-b5a29be13390,87,84,30,39,1
3599b692-e8db-11ea-933f-b5a29be13390,96,125,22,42,1
359a742e-e8db-11ea-933f-b5a29be13390,166,92,53,69,1
359b306c-e8db-11ea-933f-b5a29be13390,82,56,35,73,1
359bf740-e8db-11ea-933f-b5a29be13390,101,96,25,32,1
359cbd10-e8db-11ea-933f-b5a29be13390,104,106,27,54,1
359d6ed6-e8db-11ea-933f-b5a29be13390,152,100,32,37,1
359e2efc-e8db-11ea-933f-b5a29be13390,119,53,40,46,1
359ef562-e8db-11ea-933f-b5a29be13390,153,90,41,52,1
359fb6fa-e8db-11ea-933f-b5a29be13390,39,71,36,47,1
35a075ae-e8db-11ea-933f-b5a29be13390,109,94,32,47,1
35a142d6-e8db-11ea-933f-b5a29be13390,119,76,40,63,1
35a1ffb4-e8db-11ea-933f-b5a29be13390,70,103,37,53,1
35a2c476-e8db-11ea-933f-b5a29be13390,185,127,33,46,1
35a38d5c-e8db-11ea-933f-b5a29be13390,80,67,30,54,1
35a452aa-e8db-11ea-933f-b5a29be13390,151,59,38,59,1
35a5236a-e8db-11ea-933f-b5a29be13390,127,107,47,52,1
35a5f664-e8db-11ea-933f-b5a29be13390,22,176,33,67,1
35a6c0c6-e8db-11ea-933f-b5a29be13390,54,107,27,57,1
35a78aa6-e8db-11ea-933f-b5a29be13390,142,113,31,39,1
35a84b9e-e8db-11ea-933f-b5a29be13390,42,98,45,67,1
35a912ea-e8db-11ea-933f-b5a29be13390,109,61,36,53,1
35a9dcac-e8db-11ea-933f-b5a29be13390,146,89,43,57,1
35aaa3b2-e8db-11ea-933f-b5a29be13390,87,90,136,134,1
35ab6464-e8db-11ea-933f-b5a29be13390,149,171,39,76,1
35ac3268-e8db-11ea-933f-b5a29be13390,57,96,39,64,1
35acf9e6-e8db-11ea-933f-b5a29be13390,187,104,58,97,1
35adc042-e8db-11ea-933f-b5a29be13390,150,62,27,58,1
35ae956c-e8db-11ea-933f-b5a29be13390,112,106,36,45,1
35af5902-e8db-11ea-933f-b5a29be13390,91,52,30,53,1
35b021ac-e8db-11ea-933f-b5a29be13390,166,75,30,53,1
35b0efa6-e8db-11ea-933f-b5a29be13390,80,73,30,46,1
35b1b2ce-e8db-11ea-933f-b5a29be13390,169,119,46,99,1
35b2817c-e8db-11ea-933f-b5a29be13390,133,108,35,45,1
35b351f6-e8db-11ea-933f-b5a29be13390,33,76,56,73,1
35b3c01e-e8db-11ea-933f-b5a29be13390,113,105,25,55,1
35b42216-e8db-11ea-933f-b5a29be13390,29,99,32,45,1
35b4885a-e8db-11ea-933f-b5a29be13390,56,159,67,72,1
35b4e890-e8db-11ea-933f-b5a29be13390,129,103,30,46,1
35b55320-e8db-11ea-933f-b5a29be13390,114,50,46,55,1
35b5b82e-e8db-11ea-933f-b5a29be13390,105,26,41,79,1
35b61a58-e8db-11ea-933f-b5a29be13390,118,75,48,68,1
35b67fde-e8db-11ea-933f-b5a29be13390,121,26,40,48,1
35b6e5aa-e8db-11ea-933f-b5a29be13390,155,55,38,57,1
35b7472a-e8db-11ea-933f-b5a29be13390,86,96,30,42,1
35b7b3b8-e8db-11ea-933f-b5a29be13390,80,111,27,34,1
35b81b82-e8db-11ea-933f-b5a29be13390,90,138,55,107,1
35b87fa0-e8db-11ea-933f-b5a29be13390,94,145,32,62,1
35b8e5a8-e8db-11ea-933f-b5a29be13390,145,170,46,81,1
35b94700-e8db-11ea-933f-b5a29be13390,124,98,23,49,1
35b9b32a-e8db-11ea-933f-b5a29be13390,186,101,59,86,1
35ba15b8-e8db-11ea-933f-b5a29be13390,69,91,31,60,1
35ba7c56-e8db-11ea-933f-b5a29be13390,67,101,33,37,1
35bae5e2-e8db-11ea-933f-b5a29be13390,82,58,46,58,1
35bb496a-e8db-11ea-933f-b5a29be13390,109,11,42,60,1
35bbb008-e8db-11ea-933f-b5a29be13390,118,134,48,59,1
35bc0bac-e8db-11ea-933f-b5a29be13390,50,61,33,35,1
35bc6c64-e8db-11ea-933f-b5a29be13390,176,43,58,109,1
35bcd71c-e8db-11ea-933f-b5a29be13390,83,113,26,54,1
35bd54a8-e8db-11ea-933f-b5a29be13390,109,69,29,46,1
35bdc2da-e8db-11ea-933f-b5a29be13390,66,97,30,45,1
35be26c6-e8db-11ea-933f-b5a29be13390,37,42,105,153,1
35be9098-e8db-11ea-933f-b5a29be13390,139,72,30,45,1
35bef4ac-e8db-11ea-933f-b5a29be13390,135,54,38,62,1
35e9ef0e-e8db-11ea-933f-b5a29be13390,186,113,64,79,1
35eab0ce-e8db-11ea-933f-b5a29be13390,53,40,36,49,1
35eb6f5a-e8db-11ea-933f-b5a29be13390,170,0,32,54,1
35ec39d0-e8db-11ea-933f-b5a29be13390,190,139,37,65,1
35ecfc26-e8db-11ea-933f-b5a29be13390,128,88,31,49,1
35edbd64-e8db-11ea-933f-b5a29be13390,134,54,33,44,1
35ee7eac-e8db-11ea-933f-b5a29be13390,115,95,27,42,1
35ef3ce8-e8db-11ea-933f-b5a29be13390,159,69,34,61,1
35f00128-e8db-11ea-933f-b5a29be13390,150,103,26,41,1
35f0bdb6-e8db-11ea-933f-b5a29be13390,125,111,29,40,1
35f18124-e8db-11ea-933f-b5a29be13390,82,110,38,65,1
35f24c3a-e8db-11ea-933f-b5a29be13390,101,17,40,75,1
35f3155c-e8db-11ea-933f-b5a29be13390,119,28,41,69,1
35f3d99c-e8db-11ea-933f-b5a29be13390,132,105,33,37,1
35f4a534-e8db-11ea-933f-b5a29be13390,87,64,26,58,1
35f567ee-e8db-11ea-933f-b5a29be13390,77,91,25,34,1
35f632f0-e8db-11ea-933f-b5a29be13390,177,0,54,82,1
35f6f9d8-e8db-11ea-933f-b5a29be13390,148,98,36,51,1
35f7bd1e-e8db-11ea-933f-b5a29be13390,178,119,37,43,1
35f86e6c-e8db-11ea-933f-b5a29be13390,10,105,72,109,1
35f92302-e8db-11ea-933f-b5a29be13390,186,87,32,41,1
35f9eab2-e8db-11ea-933f-b5a29be13390,137,78,32,63,1
35fab726-e8db-11ea-933f-b5a29be13390,101,13,43,73,1
35fb76ca-e8db-11ea-933f-b5a29be13390,142,117,35,50,1
35fc365a-e8db-11ea-933f-b5a29be13390,204,131,49,69,1
35fcf43c-e8db-11ea-933f-b5a29be13390,133,65,42,41,1
35fdbb7e-e8db-11ea-933f-b5a29be13390,83,78,34,40,1
35fe8496-e8db-11ea-933f-b5a29be13390,166,75,43,61,1
35ff4c96-e8db-11ea-933f-b5a29be13390,152,89,26,46,1
3600141e-e8db-11ea-933f-b5a29be13390,123,110,26,58,1
3600dd72-e8db-11ea-933f-b5a29be13390,46,69,49,76,1
36019186-e8db-11ea-933f-b5a29be13390,122,127,33,58,1
36025cc4-e8db-11ea-933f-b5a29be13390,165,98,31,39,1
36031d4e-e8db-11ea-933f-b5a29be13390,62,20,33,66,1
3603bef2-e8db-11ea-933f-b5a29be13390,86,80,32,38,1
360422d4-e8db-11ea-933f-b5a29be13390,135,3,42,60,1
36048a58-e8db-11ea-933f-b5a29be13390,119,103,31,30,1
3604f498-e8db-11ea-933f-b5a29be13390,66,85,41,52,1
36056036-e8db-11ea-933f-b5a29be13390,170,52,53,73,1
3605c33c-e8db-11ea-933f-b5a29be13390,133,19,38,61,1
36062c46-e8db-11ea-933f-b5a29be13390,141,70,23,47,1
36069488-e8db-11ea-933f-b5a29be13390,101,123,32,51,1
3606ff68-e8db-11ea-933f-b5a29be13390,135,54,36,60,1
36075ed6-e8db-11ea-933f-b5a29be13390,37,116,67,82,1
3607bbce-e8db-11ea-933f-b5a29be13390,133,10,31,59,1
36082672-e8db-11ea-933f-b5a29be13390,112,86,26,42,1
36088996-e8db-11ea-933f-b5a29be13390,44,75,39,38,1
3608ef44-e8db-11ea-933f-b5a29be13390,88,110,48,54,1
3609536c-e8db-11ea-933f-b5a29be13390,105,92,43,48,1
3609b992-e8db-11ea-933f-b5a29be13390,93,52,33,46,1
360a1860-e8db-11ea-933f-b5a29be13390,21,101,41,68,1
360a77ce-e8db-11ea-933f-b5a29be13390,129,82,49,96,1
360adf84-e8db-11ea-933f-b5a29be13390,106,67,68,118,1
360b458c-e8db-11ea-933f-b5a29be13390,17,30,38,64,1
360bb166-e8db-11ea-933f-b5a29be13390,69,58,94,137,1
360bf50e-e8db-11ea-933f-b5a29be13390,116,38,24,42,1
360c5576-e8db-11ea-933f-b5a29be13390,105,74,31,37,1
360cbd90-e8db-11ea-933f-b5a29be13390,113,6,28,52,1
360d27ee-e8db-11ea-933f-b5a29be13390,133,72,51,63,1
360d895a-e8db-11ea-933f-b5a29be13390,160,92,24,30,1
360deada-e8db-11ea-933f-b5a29be13390,158,19,47,106,1
360e5128-e8db-11ea-933f-b5a29be13390,132,49,44,59,1
360eb8f2-e8db-11ea-933f-b5a29be13390,63,88,38,37,1
360f2346-e8db-11ea-933f-b5a29be13390,71,62,45,74,1
363aa4ee-e8db-11ea-933f-b5a29be13390,104,118,37,52,1
363b741e-e8db-11ea-933f-b5a29be13390,141,108,37,45,1
363c3d68-e8db-11ea-933f-b5a29be13390,143,89,21,40,1
363d0c02-e8db-11ea-933f-b5a29be13390,106,97,26,34,1
363dcd90-e8db-11ea-933f-b5a29be13390,96,92,39,61,1
363e9734-e8db-11ea-933f-b5a29be13390,80,28,48,70,1
363f5d18-e8db-11ea-933f-b5a29be13390,93,74,36,58,1
36402518-e8db-11ea-933f-b5a29be13390,123,107,35,56,1
3640dec2-e8db-11ea-933f-b5a29be13390,132,76,34,50,1
3641a65e-e8db-11ea-933f-b5a29be13390,110,94,22,39,1
36426f80-e8db-11ea-933f-b5a29be13390,95,100,25,50,1
36433bea-e8db-11ea-933f-b5a29be13390,174,68,37,48,1
36441eb6-e8db-11ea-933f-b5a29be13390,131,75,33,40,1
3644e954-e8db-11ea-933f-b5a29be13390,83,51,31,43,1
3645b118-e8db-11ea-933f-b5a29be13390,100,62,40,77,1
36467f12-e8db-11ea-933f-b5a29be13390,33,44,62,84,1
364741ea-e8db-11ea-933f-b5a29be13390,122,117,32,42,1
36480e18-e8db-11ea-933f-b5a29be13390,166,131,67,60,1
3648d6fe-e8db-11ea-933f-b5a29be13390,181,76,26,41,1
36494eae-e8db-11ea-933f-b5a29be13390,155,55,31,52,1
364a13a2-e8db-11ea-933f-b5a29be13390,195,149,51,57,1
364adf12-e8db-11ea-933f-b5a29be13390,37,8,43,77,1
364b9e70-e8db-11ea-933f-b5a29be13390,133,65,29,44,1
364c59fa-e8db-11ea-933f-b5a29be13390,89,95,32,48,1
364d2362-e8db-11ea-933f-b5a29be13390,161,21,41,83,1
364de7d4-e8db-11ea-933f-b5a29be13390,100,95,28,45,1
364eaab6-e8db-11ea-933f-b5a29be13390,175,43,45,65,1
364f7540-e8db-11ea-933f-b5a29be13390,29,104,64,62,1
36503a66-e8db-11ea-933f-b5a29be13390,58,74,45,44,1
3650fa5a-e8db-11ea-933f-b5a29be13390,152,117,34,50,1
3651bbd4-e8db-11ea-933f-b5a29be13390,24,116,70,88,1
36527894-e8db-11ea-933f-b5a29be13390,127,101,39,47,1
36533cac-e8db-11ea-933f-b5a29be13390,120,121,23,40,1
365408bc-e8db-11ea-933f-b5a29be13390,114,107,32,54,1
36549b6a-e8db-11ea-933f-b5a29be13390,61,39,29,50,1
36550370-e8db-11ea-933f-b5a29be13390,13,108,95,144,1
365567ca-e8db-11ea-933f-b5a29be13390,114,109,28,50,1
3655d0b6-e8db-11ea-933f-b5a29be13390,89,9,28,50,1
3656408c-e8db-11ea-933f-b5a29be13390,37,122,49,70,1
3656a16c-e8db-11ea-933f-b5a29be13390,121,30,52,79,1
3656fe00-e8db-11ea-933f-b5a29be13390,110,25,44,52,1
36575dd2-e8db-11ea-933f-b5a29be13390,142,80,37,45,1
3657c678-e8db-11ea-933f-b5a29be13390,63,78,46,56,1
365831c6-e8db-11ea-933f-b5a29be13390,158,23,57,87,1
3658958a-e8db-11ea-933f-b5a29be13390,69,71,30,48,1
3658f71e-e8db-11ea-933f-b5a29be13390,130,90,24,44,1
365958a8-e8db-11ea-933f-b5a29be13390,40,105,33,49,1
3659c1c6-e8db-11ea-933f-b5a29be13390,184,69,50,87,1
365a272e-e8db-11ea-933f-b5a29be13390,57,111,33,41,1
365a884a-e8db-11ea-933f-b5a29be13390,40,56,31,43,1
365af262-e8db-11ea-933f-b5a29be13390,112,21,54,77,1
365b5996-e8db-11ea-933f-b5a29be13390,99,9,38,63,1
365b983e-e8db-11ea-933f-b5a29be13390,159,146,24,51,1
365bfde2-e8db-11ea-933f-b5a29be13390,129,137,33,62,1
365c6a48-e8db-11ea-933f-b5a29be13390,53,158,40,87,1
365ccbf0-e8db-11ea-933f-b5a29be13390,92,22,38,57,1
365d322a-e8db-11ea-933f-b5a29be13390,64,74,62,81,1
365d8784-e8db-11ea-933f-b5a29be13390,91,154,62,84,1
365de7c4-e8db-11ea-933f-b5a29be13390,96,102,48,61,1
365e4e08-e8db-11ea-933f-b5a29be13390,186,22,43,53,1
365eabfa-e8db-11ea-933f-b5a29be13390,85,54,42,68,1
365f0bb8-e8db-11ea-933f-b5a29be13390,53,70,46,60,1
365f6ec8-e8db-11ea-933f-b5a29be13390,101,100,33,38,1
365fd05c-e8db-11ea-933f-b5a29be13390,131,80,31,50,1
368954f4-e8db-11ea-933f-b5a29be13390,143,61,32,49,1
368a1f92-e8db-11ea-933f-b5a29be13390,101,86,38,58,1
368aea62-e8db-11ea-933f-b5a29be13390,87,36,34,54,1
368bb94c-e8db-11ea-933f-b5a29be13390,150,106,43,44,1
368c7940-e8db-11ea-933f-b5a29be13390,139,78,31,44,1
368d3cb8-e8db-11ea-933f-b5a29be13390,164,126,45,77,1
368e013e-e8db-11ea-933f-b5a29be13390,43,93,41,87,1
368ec196-e8db-11ea-933f-b5a29be13390,136,123,41,67,1
368f8f2c-e8db-11ea-933f-b5a29be13390,72,48,29,51,1
36905682-e8db-11ea-933f-b5a29be13390,101,91,26,40,1
36911f9a-e8db-11ea-933f-b5a29be13390,54,83,32,48,1
3691edee-e8db-11ea-933f-b5a29be13390,145,80,38,44,1
3692af36-e8db-11ea-933f-b5a29be13390,32,124,50,60,1
36937934-e8db-11ea-933f-b5a29be13390,190,49,35,77,1
369445da-e8db-11ea-933f-b5a29be13390,77,66,48,61,1
36950c86-e8db-11ea-933f-b5a29be13390,1,100,44,41,1
3695d45e-e8db-11ea-933f-b5a29be13390,186,107,36,61,1
36969ca4-e8db-11ea-933f-b5a29be13390,93,18,44,66,1
36976710-e8db-11ea-933f-b5a29be13390,194,0,38,69,1
36983118-e8db-11ea-933f-b5a29be13390,44,104,49,60,1
3698fb0c-e8db-11ea-933f-b5a29be13390,125,49,47,56,1
3699bd76-e8db-11ea-933f-b5a29be13390,136,85,23,44,1
369a8da0-e8db-11ea-933f-b5a29be13390,125,120,50,86,1
369b4d08-e8db-11ea-933f-b5a29be13390,140,25,98,211,1
369c1242-e8db-11ea-933f-b5a29be13390,113,68,42,66,1
369cc336-e8db-11ea-933f-b5a29be13390,170,72,22,49,1
369d92e8-e8db-11ea-933f-b5a29be13390,133,110,22,39,1
369e5520-e8db-11ea-933f-b5a29be13390,18,47,45,64,1
369f17a8-e8db-11ea-933f-b5a29be13390,130,132,53,63,1
369fdf9e-e8db-11ea-933f-b5a29be13390,126,58,47,52,1
36a09c5e-e8db-11ea-933f-b5a29be13390,100,98,31,43,1
36a154a0-e8db-11ea-933f-b5a29be13390,81,92,27,53,1
36a22006-e8db-11ea-933f-b5a29be13390,37,143,46,55,1
36a2e70c-e8db-11ea-933f-b5a29be13390,203,102,48,81,1
36a358e0-e8db-11ea-933f-b5a29be13390,146,42,33,48,1
36a3bc18-e8db-11ea-933f-b5a29be13390,104,66,28,57,1
36a42112-e8db-11ea-933f-b5a29be13390,144,89,36,47,1
36a48ca6-e8db-11ea-933f-b5a29be13390,179,68,44,57,1
36a4f57e-e8db-11ea-933f-b5a29be13390,166,113,27,52,1
36a56036-e8db-11ea-933f-b5a29be13390,26,62,45,55,1
36a5bd24-e8db-11ea-933f-b5a29be13390,135,13,63,87,1
36a61d78-e8db-11ea-933f-b5a29be13390,167,141,47,74,1
36a685c4-e8db-11ea-933f-b5a29be13390,121,81,35,45,1
36a6ee38-e8db-11ea-933f-b5a29be13390,186,93,45,45,1
36a7581e-e8db-11ea-933f-b5a29be13390,113,55,28,50,1
36a7bee4-e8db-11ea-933f-b5a29be13390,6,171,75,77,1
36a821cc-e8db-11ea-933f-b5a29be13390,106,76,33,49,1
36a88b80-e8db-11ea-933f-b5a29be13390,132,109,27,38,1
36a8f55c-e8db-11ea-933f-b5a29be13390,128,96,79,90,1
36a96708-e8db-11ea-933f-b5a29be13390,88,62,53,82,1
36a9d06c-e8db-11ea-933f-b5a29be13390,76,55,46,55,1
36aa3584-e8db-11ea-933f-b5a29be13390,155,126,29,51,1
36aa98b2-e8db-11ea-933f-b5a29be13390,87,26,56,54,1
36ab11a2-e8db-11ea-933f-b5a29be13390,100,117,23,44,1
36ab7a98-e8db-11ea-933f-b5a29be13390,216,98,39,61,1
36abe578-e8db-11ea-933f-b5a29be13390,108,155,47,73,1
36ac49be-e8db-11ea-933f-b5a29be13390,120,75,39,42,1
36acb638-e8db-11ea-933f-b5a29be13390,201,137,38,69,1
36ad1e5c-e8db-11ea-933f-b5a29be13390,144,64,32,59,1
36ad832e-e8db-11ea-933f-b5a29be13390,65,102,31,33,1
36adf264-e8db-11ea-933f-b5a29be13390,138,84,25,33,1
36ae58da-e8db-11ea-933f-b5a29be13390,102,84,47,46,1
36aebeec-e8db-11ea-933f-b5a29be13390,77,72,50,68,1
36af1d6a-e8db-11ea-933f-b5a29be13390,109,58,38,70,1
36e1d502-e8db-11ea-933f-b5a29be13390,148,121,58,84,1
36e29c76-e8db-11ea-933f-b5a29be13390,107,105,40,57,1
36e36d2c-e8db-11ea-933f-b5a29be13390,16,39,68,67,1
36e42ea6-e8db-11ea-933f-b5a29be13390,156,103,28,47,1
36e4fa34-e8db-11ea-933f-b5a29be13390,154,90,29,38,1
36e5c4aa-e8db-11ea-933f-b5a29be13390,121,27,28,44,1
36e69588-e8db-11ea-933f-b5a29be13390,90,62,29,46,1
36e7569e-e8db-11ea-933f-b5a29be13390,108,12,32,50,1
36e8201a-e8db-11ea-933f-b5a29be13390,188,133,39,58,1
36e8d974-e8db-11ea-933f-b5a29be13390,76,74,87,123,1
36e99ecc-e8db-11ea-933f-b5a29be13390,133,84,48,73,1
36ea62c6-e8db-11ea-933f-b5a29be13390,122,111,26,38,1
36eb33e0-e8db-11ea-933f-b5a29be13390,109,79,42,41,1
36ebfdfc-e8db-11ea-933f-b5a29be13390,119,102,38,50,1
36ecc1ce-e8db-11ea-933f-b5a29be13390,46,159,51,60,1
36ed82e4-e8db-11ea-933f-b5a29be13390,185,134,42,54,1
36ee40da-e8db-11ea-933f-b5a29be13390,62,34,42,54,1
36ef0920-e8db-11ea-933f-b5a29be13390,167,83,32,38,1
36efcb26-e8db-11ea-933f-b5a29be13390,118,42,39,52,1
36f093a8-e8db-11ea-933f-b5a29be13390,120,104,39,43,1
36f14faa-e8db-11ea-933f-b5a29be13390,185,103,53,78,1
36f21c64-e8db-11ea-933f-b5a29be13390,159,84,28,46,1
36f2e02c-e8db-11ea-933f-b5a29be13390,55,62,38,42,1
36f3a44e-e8db-11ea-933f-b5a29be13390,156,99,34,43,1
36f46852-e8db-11ea-933f-b5a29be13390,110,64,31,59,1
36f52e36-e8db-11ea-933f-b5a29be13390,109,72,52,69,1
36f5fb90-e8db-11ea-933f-b5a29be13390,135,116,26,40,1
36f6c6f6-e8db-11ea-933f-b5a29be13390,190,22,65,79,1
36f78ce4-e8db-11ea-933f-b5a29be13390,106,139,39,62,1
36f85a70-e8db-11ea-933f-b5a29be13390,76,121,26,47,1
36f91ea6-e8db-11ea-933f-b5a29be13390,136,0,51,93,1
36f9e2e6-e8db-11ea-933f-b5a29be13390,164,99,26,38,1
36faaf46-e8db-11ea-933f-b5a29be13390,178,79,49,53,1
36fb6e4a-e8db-11ea-933f-b5a29be13390,122,75,49,58,1
36fbec44-e8db-11ea-933f-b5a29be13390,78,93,36,46,1
36fc53dc-e8db-11ea-933f-b5a29be13390,88,77,32,58,1
36fcb4f8-e8db-11ea-933f-b5a29be13390,61,69,34,50,1
36fd21d6-e8db-11ea-933f-b5a29be13390,167,58,34,43,1
36fd8d2e-e8db-11ea-933f-b5a29be13390,166,103,85,118,1
36fdf318-e8db-11ea-933f-b5a29be13390,49,62,33,43,1
36fe61cc-e8db-11ea-933f-b5a29be13390,140,121,43,77,1
36fec4e6-e8db-11ea-933f-b5a29be13390,131,74,45,77,1
36ff2738-e8db-11ea-933f-b5a29be13390,104,121,33,41,1
36ff864c-e8db-11ea-933f-b5a29be13390,80,82,52,99,1
36ffebbe-e8db-11ea-933f-b5a29be13390,112,42,25,49,1
370053d8-e8db-11ea-933f-b5a29be13390,134,70,47,51,1
3700b936-e8db-11ea-933f-b5a29be13390,96,61,34,44,1
370121d2-e8db-11ea-933f-b5a29be13390,98,146,37,67,1
37018c6c-e8db-11ea-933f-b5a29be13390,162,137,44,77,1
3701eff4-e8db-11ea-933f-b5a29be13390,177,77,40,58,1
370253a4-e8db-11ea-933f-b5a29be13390,83,87,25,44,1
3702b916-e8db-11ea-933f-b5a29be13390,97,99,29,48,1
370320a4-e8db-11ea-933f-b5a29be13390,158,122,38,54,1
370386ac-e8db-11ea-933f-b5a29be13390,161,91,48,50,1
3703de54-e8db-11ea-933f-b5a29be13390,105,107,32,40,1
37044268-e8db-11ea-933f-b5a29be13390,115,71,26,38,1
3704ae56-e8db-11ea-933f-b5a29be13390,71,13,76,85,1
370509a0-e8db-11ea-933f-b5a29be13390,126,138,22,40,1
37056dbe-e8db-11ea-933f-b5a29be13390,119,109,31,38,1
3705d448-e8db-11ea-933f-b5a29be13390,26,140,41,82,1
370639c4-e8db-11ea-933f-b5a29be13390,39,35,67,94,1
3706a1ac-e8db-11ea-933f-b5a29be13390,133,6,37,51,1
37070a8e-e8db-11ea-933f-b5a29be13390,39,69,41,62,1
370769b6-e8db-11ea-933f-b5a29be13390,48,111,34,70,1
372e3942-e8db-11ea-933f-b5a29be13390,177,47,39,53,1
372effda-e8db-11ea-933f-b5a29be13390,61,79,44,47,1
372fcd84-e8db-11ea-933f-b5a29be13390,139,122,48,93,1
3730917e-e8db-11ea-933f-b5a29be13390,108,87,41,48,1
373161da-e8db-11ea-933f-b5a29be13390,90,112,82,101,1
3731fcc6-e8db-11ea-933f-b5a29be13390,52,9,41,56,1
3732cafc-e8db-11ea-933f-b5a29be13390,4,71,39,65,1
37339dba-e8db-11ea-933f-b5a29be13390,68,60,45,69,1
37345ec6-e8db-11ea-933f-b5a29be13390,95,7,39,62,1
373528f6-e8db-11ea-933f-b5a29be13390,83,117,48,46,1
3735f128-e8db-11ea-933f-b5a29be13390,32,102,34,47,1
3736bb9e-e8db-11ea-933f-b5a29be13390,142,81,36,57,1
37378772-e8db-11ea-933f-b5a29be13390,160,61,43,48,1
37385436-e8db-11ea-933f-b5a29be13390,128,111,42,59,1
37391f7e-e8db-11ea-933f-b5a29be13390,92,68,31,55,1
3739e33c-e8db-11ea-933f-b5a29be13390,90,52,42,92,1
373aa5e2-e8db-11ea-933f-b5a29be13390,158,78,25,43,1
373b7c24-e8db-11ea-933f-b5a29be13390,100,113,28,50,1
373c5414-e8db-11ea-933f-b5a29be13390,146,114,22,41,1
373d1f0c-e8db-11ea-933f-b5a29be13390,194,28,58,64,1
373def18-e8db-11ea-933f-b5a29be13390,101,50,25,41,1
373eb2cc-e8db-11ea-933f-b5a29be13390,137,55,27,48,1
373f7efa-e8db-11ea-933f-b5a29be13390,88,70,36,51,1
37403cd2-e8db-11ea-933f-b5a29be13390,64,72,44,59,1
3740fe38-e8db-11ea-933f-b5a29be13390,61,82,38,57,1
3741bdf0-e8db-11ea-933f-b5a29be13390,105,53,50,78,1
37428302-e8db-11ea-933f-b5a29be13390,64,97,43,45,1
37434080-e8db-11ea-933f-b5a29be13390,106,33,28,57,1
37440330-e8db-11ea-933f-b5a29be13390,79,46,29,66,1
3744cf90-e8db-11ea-933f-b5a29be13390,69,51,36,56,1
374596dc-e8db-11ea-933f-b5a29be13390,177,0,77,103,1
37465d56-e8db-11ea-933f-b5a29be13390,2,98,37,68,1
3747281c-e8db-11ea-933f-b5a29be13390,102,85,28,41,1
3747e2d4-e8db-11ea-933f-b5a29be13390,30,80,47,81,1
3748aa5c-e8db-11ea-933f-b5a29be13390,144,102,27,51,1
374972e8-e8db-11ea-933f-b5a29be13390,135,118,46,64,1
3749d80a-e8db-11ea-933f-b5a29be13390,135,81,30,32,1
374a3c96-e8db-11ea-933f-b5a29be13390,162,34,45,51,1
374aac9e-e8db-11ea-933f-b5a29be13390,79,90,35,47,1
374b11e8-e8db-11ea-933f-b5a29be13390,55,131,40,61,1
374b71e2-e8db-11ea-933f-b5a29be13390,131,118,33,45,1
374bd34e-e8db-11ea-933f-b5a29be13390,74,48,32,51,1
374c3db6-e8db-11ea-933f-b5a29be13390,130,103,43,45,1
374ca3be-e8db-11ea-933f-b5a29be13390,172,24,64,61,1
374d0584-e8db-11ea-933f-b5a29be13390,91,31,51,62,1
374d6740-e8db-11ea-933f-b5a29be13390,216,52,33,52,1
374dccf8-e8db-11ea-933f-b5a29be13390,80,67,59,76,1
374e2b9e-e8db-11ea-933f-b5a29be13390,89,87,45,60,1
374e9264-e8db-11ea-933f-b5a29be13390,112,105,31,41,1
374ef2f4-e8db-11ea-933f-b5a29be13390,191,135,41,42,1
374f5e1a-e8db-11ea-933f-b5a29be13390,104,90,22,37,1
374fbb26-e8db-11ea-933f-b5a29be13390,87,139,57,96,1
37501cba-e8db-11ea-933f-b5a29be13390,176,22,38,58,1
37508312-e8db-11ea-933f-b5a29be13390,97,97,31,52,1
3750ef8c-e8db-11ea-933f-b5a29be13390,79,98,25,43,1
37515382-e8db-11ea-933f-b5a29be13390,113,29,68,73,1
3751b4ee-e8db-11ea-933f-b5a29be13390,56,141,76,85,1
3752102e-e8db-11ea-933f-b5a29be13390,89,100,32,42,1
37527aaa-e8db-11ea-933f-b5a29be13390,73,104,25,43,1
3752de00-e8db-11ea-933f-b5a29be13390,81,81,29,52,1
37534b7e-e8db-11ea-933f-b5a29be13390,204,88,34,49,1
3753b92e-e8db-11ea-933f-b5a29be13390,113,73,31,47,1
3754204e-e8db-11ea-933f-b5a29be13390,99,128,32,44,1
37548106-e8db-11ea-933f-b5a29be13390,115,106,23,34,1
377b2c20-e8db-11ea-933f-b5a29be13390,116,76,32,38,1
377bfdc6-e8db-11ea-933f-b5a29be13390,135,85,37,46,1
377cc21a-e8db-11ea-933f-b5a29be13390,171,101,36,59,1
377d852e-e8db-11ea-933f-b5a29be13390,138,82,28,45,1
377e4cd4-e8db-11ea-933f-b5a29be13390,51,57,115,105,1
377f1902-e8db-11ea-933f-b5a29be13390,161,112,29,45,1
377fe2d8-e8db-11ea-933f-b5a29be13390,34,147,45,76,1
3780b780-e8db-11ea-933f-b5a29be13390,117,149,55,71,1
37817e22-e8db-11ea-933f-b5a29be13390,132,91,25,36,1
37824636-e8db-11ea-933f-b5a29be13390,42,18,54,72,1
37830828-e8db-11ea-933f-b5a29be13390,14,66,33,38,1
3783cdee-e8db-11ea-933f-b5a29be13390,87,10,62,83,1
37849fa8-e8db-11ea-933f-b5a29be13390,80,0,32,61,1
37856974-e8db-11ea-933f-b5a29be13390,180,110,61,91,1
3786323c-e8db-11ea-933f-b5a29be13390,158,78,45,87,1
3786f460-e8db-11ea-933f-b5a29be13390,104,132,34,61,1
3787c28c-e8db-11ea-933f-b5a29be13390,109,89,28,48,1
37888f50-e8db-11ea-933f-b5a29be13390,63,153,48,65,1
37895b1a-e8db-11ea-933f-b5a29be13390,36,81,35,40,1
378a2608-e8db-11ea-933f-b5a29be13390,69,19,30,50,1
378ae5d4-e8db-11ea-933f-b5a29be13390,138,77,25,42,1
378ba7f8-e8db-11ea-933f-b5a29be13390,78,36,38,69,1
378c7566-e8db-11ea-933f-b5a29be13390,159,78,24,35,1
378d3d20-e8db-11ea-933f-b5a29be13390,144,52,33,51,1
378e07d2-e8db-11ea-933f-b5a29be13390,119,100,27,39,1
378ecd84-e8db-11ea-933f-b5a29be13390,134,84,30,46,1
378f9d7c-e8db-11ea-933f-b5a29be13390,71,130,44,49,1
37905bfe-e8db-11ea-933f-b5a29be13390,23,43,48,80,1
37912944-e8db-11ea-933f-b5a29be13390,81,154,37,68,1
3791e352-e8db-11ea-933f-b5a29be13390,105,62,35,45,1
37929fc2-e8db-11ea-933f-b5a29be13390,185,124,33,67,1
379362e0-e8db-11ea-933f-b5a29be13390,117,85,30,39,1
3794263a-e8db-11ea-933f-b5a29be13390,100,27,47,66,1
3794ecc8-e8db-11ea-933f-b5a29be13390,157,98,32,37,1
3795b180-e8db-11ea-933f-b5a29be13390,22,10,47,51,1
37966c10-e8db-11ea-933f-b5a29be13390,78,117,36,42,1
3796d18c-e8db-11ea-933f-b5a29be13390,136,131,46,68,1
37972bbe-e8db-11ea-933f-b5a29be13390,104,87,30,53,1
3797940a-e8db-11ea-933f-b5a29be13390,137,52,52,79,1
3797fcd8-e8db-11ea-933f-b5a29be13390,191,76,49,45,1
37986150-e8db-11ea-933f-b5a29be13390,93,85,34,55,1
3798c6ea-e8db-11ea-933f-b5a29be13390,183,83,25,48,1
37992a2c-e8db-11ea-933f-b5a29be13390,40,34,60,69,1
37998de6-e8db-11ea-933f-b5a29be13390,84,132,28,54,1
3799f538-e8db-11ea-933f-b5a29be13390,39,76,56,88,1
379a564a-e8db-11ea-933f-b5a29be13390,107,94,39,49,1
379abdce-e8db-11ea-933f-b5a29be13390,86,68,29,49,1
379b26ce-e8db-11ea-933f-b5a29be13390,115,124,48,53,1
379b89a2-e8db-11ea-933f-b5a29be13390,78,9,81,135,1
379bf004-e8db-11ea-933f-b5a29be13390,40,43,34,47,1
379c51a2-e8db-11ea-933f-b5a29be13390,73,28,89,153,1
379cb28c-e8db-11ea-933f-b5a29be13390,94,26,40,56,1
379d1aec-e8db-11ea-933f-b5a29be13390,139,26,37,48,1
379d8608-e8db-11ea-933f-b5a29be13390,168,22,43,58,1
379def62-e8db-11ea-933f-b5a29be13390,121,19,45,51,1
379e59e8-e8db-11ea-933f-b5a29be13390,100,57,38,39,1
379eb44c-e8db-11ea-933f-b5a29be13390,148,78,34,51,1
379f1d1a-e8db-11ea-933f-b5a29be13390,151,103,21,35,1
379f86b0-e8db-11ea-933f-b5a29be13390,138,41,37,45,1
379fe8f8-e8db-11ea-933f-b5a29be13390,126,89,32,46,1
37a04cbc-e8db-11ea-933f-b5a29be13390,79,98,52,44,1
37a0acac-e8db-11ea-933f-b5a29be13390,174,130,50,48,1
37a10f62-e8db-11ea-933f-b5a29be13390,118,77,46,53,1
37a174fc-e8db-11ea-933f-b5a29be13390,35,86,46,59,1
37d3edec-e8db-11ea-933f-b5a29be13390,69,85,34,46,1
37d4bc86-e8db-11ea-933f-b5a29be13390,170,100,31,34,1
37d58094-e8db-11ea-933f-b5a29be13390,120,27,32,58,1
37d648bc-e8db-11ea-933f-b5a29be13390,51,29,67,90,1
37d713e6-e8db-11ea-933f-b5a29be13390,104,1,35,52,1
37d7d5b0-e8db-11ea-933f-b5a29be13390,116,84,122,111,1
37d899aa-e8db-11ea-933f-b5a29be13390,106,60,37,41,1
37d9660a-e8db-11ea-933f-b5a29be13390,122,55,24,40,1
37da3120-e8db-11ea-933f-b5a29be13390,124,142,48,88,1
37dafc04-e8db-11ea-933f-b5a29be13390,77,107,31,40,1
37dbbfb8-e8db-11ea-933f-b5a29be13390,68,168,67,84,1
37dc8772-e8db-11ea-933f-b5a29be13390,62,99,31,37,1
37dd5738-e8db-11ea-933f-b5a29be13390,62,88,34,57,1
37de22b2-e8db-11ea-933f-b5a29be13390,75,121,60,79,1
37deeb70-e8db-11ea-933f-b5a29be13390,57,117,38,47,1
37dfb1fe-e8db-11ea-933f-b5a29be13390,118,64,40,66,1
37e0826e-e8db-11ea-933f-b5a29be13390,143,104,46,49,1
37e14d66-e8db-11ea-933f-b5a29be13390,112,86,34,49,1
37e21700-e8db-11ea-933f-b5a29be13390,157,75,34,49,1
37e2d8b6-e8db-11ea-933f-b5a29be13390,48,79,71,65,1
37e3a49e-e8db-11ea-933f-b5a29be13390,153,70,28,55,1
37e46c44-e8db-11ea-933f-b5a29be13390,51,87,77,137,1
37e53732-e8db-11ea-933f-b5a29be13390,141,64,42,46,1
37e5f92e-e8db-11ea-933f-b5a29be13390,100,76,27,50,1
37e6bdfa-e8db-11ea-933f-b5a29be13390,28,106,44,83,1
37e77f60-e8db-11ea-933f-b5a29be13390,9,88,50,70,1
37e847a6-e8db-11ea-933f-b5a29be13390,88,175,76,78,1
37e90de4-e8db-11ea-933f-b5a29be13390,115,23,34,61,1
37e9d5b2-e8db-11ea-933f-b5a29be13390,54,60,38,51,1
37ea9bc8-e8db-11ea-933f-b5a29be13390,35,31,35,75,1
37eb6166-e8db-11ea-933f-b5a29be13390,48,43,42,56,1
37ec24d4-e8db-11ea-933f-b5a29be13390,128,95,21,32,1
37ecf030-e8db-11ea-933f-b5a29be13390,181,67,50,66,1
37edb70e-e8db-11ea-933f-b5a29be13390,86,115,44,89,1
37ee8594-e8db-11ea-933f-b5a29be13390,107,59,27,47,1
37ef300c-e8db-11ea-933f-b5a29be13390,152,78,26,43,1
37ef9286-e8db-11ea-933f-b5a29be13390,134,157,56,76,1
37eff640-e8db-11ea-933f-b5a29be13390,154,146,24,46,1
37f0596e-e8db-11ea-933f-b5a29be13390,113,46,36,54,1
37f0c00c-e8db-11ea-933f-b5a29be13390,168,89,56,63,1
37f12510-e8db-11ea-933f-b5a29be13390,133,72,24,38,1
37f186cc-e8db-11ea-933f-b5a29be13390,30,86,32,67,1
37f1f044-e8db-11ea-933f-b5a29be13390,60,161,39,80,1
37f25200-e8db-11ea-933f-b5a29be13390,93,66,30,40,1
37f2b772-e8db-11ea-933f-b5a29be13390,1,72,48,71,1
37f3200e-e8db-11ea-933f-b5a29be13390,141,83,29,42,1
37f38468-e8db-11ea-933f-b5a29be13390,101,74,42,57,1
37f3e318-e8db-11ea-933f-b5a29be13390,97,33,56,76,1
37f44a1a-e8db-11ea-933f-b5a29be13390,63,123,23,48,1
37f4ad3e-e8db-11ea-933f-b5a29be13390,100,95,42,49,1
37f51468-e8db-11ea-933f-b5a29be13390,180,49,44,56,1
37f57a34-e8db-11ea-933f-b5a29be13390,117,87,32,51,1
37f5e410-e8db-11ea-933f-b5a29be13390,83,72,37,51,1
37f64cac-e8db-11ea-933f-b5a29be13390,101,75,22,35,1
37f6afbc-e8db-11ea-933f-b5a29be13390,184,121,43,66,1
37f7154c-e8db-11ea-933f-b5a29be13390,151,109,34,36,1
37f77a28-e8db-11ea-933f-b5a29be13390,90,60,39,63,1
37f7de82-e8db-11ea-933f-b5a29be13390,76,78,47,60,1
37f840c0-e8db-11ea-933f-b5a29be13390,87,138,25,47,1
37f8a736-e8db-11ea-933f-b5a29be13390,95,112,27,43,1
37f91176-e8db-11ea-933f-b5a29be13390,148,86,24,36,1
37f97936-e8db-11ea-933f-b5a29be13390,125,116,73,107,1
37f9d6a6-e8db-11ea-933f-b5a29be13390,100,46,28,40,1
37fa3c18-e8db-11ea-933f-b5a29be13390,106,2,30,59,1
382c7ade-e8db-11ea-933f-b5a29be13390,151,103,41,47,1
382d47de-e8db-11ea-933f-b5a29be13390,141,164,35,60,1
382e0df4-e8db-11ea-933f-b5a29be13390,88,87,45,47,1
382ed374-e8db-11ea-933f-b5a29be13390,88,46,68,58,1
382f9444-e8db-11ea-933f-b5a29be13390,109,83,31,48,1
38305faa-e8db-11ea-933f-b5a29be13390,131,88,31,56,1
38312322-e8db-11ea-933f-b5a29be13390,150,62,38,52,1
3831e3c0-e8db-11ea-933f-b5a29be13390,60,113,38,54,1
3832a4f4-e8db-11ea-933f-b5a29be13390,28,107,35,51,1
3833719a-e8db-11ea-933f-b5a29be13390,29,77,54,66,1
38343d64-e8db-11ea-933f-b5a29be13390,102,48,33,60,1
383507d0-e8db-11ea-933f-b5a29be13390,29,157,31,57,1
3835ccc4-e8db-11ea-933f-b5a29be13390,0,57,47,83,1
38369898-e8db-11ea-933f-b5a29be13390,156,75,34,51,1
38375bb6-e8db-11ea-933f-b5a29be13390,93,108,26,33,1
383825c8-e8db-11ea-933f-b5a29be13390,161,111,42,53,1
3838eefe-e8db-11ea-933f-b5a29be13390,139,9,49,63,1
3839bc94-e8db-11ea-933f-b5a29be13390,185,44,33,66,1
383a861a-e8db-11ea-933f-b5a29be13390,101,52,55,55,1
383b5036-e8db-11ea-933f-b5a29be13390,68,43,48,70,1
383c10f2-e8db-11ea-933f-b5a29be13390,56,71,39,44,1
383cd618-e8db-11ea-933f-b5a29be13390,174,19,40,55,1
383d9fee-e8db-11ea-933f-b5a29be13390,127,111,35,37,1
383e628a-e8db-11ea-933f-b5a29be13390,98,21,43,80,1
383f2be8-e8db-11ea-933f-b5a29be13390,149,128,44,57,1
383fece0-e8db-11ea-933f-b5a29be13390,71,33,30,56,1
3840b09e-e8db-11ea-933f-b5a29be13390,51,105,37,37,1
384171c8-e8db-11ea-933f-b5a29be13390,96,108,23,38,1
38423c52-e8db-11ea-933f-b5a29be13390,176,114,35,52,1
3843081c-e8db-11ea-933f-b5a29be13390,151,99,34,44,1
3843c77a-e8db-11ea-933f-b5a29be13390,160,134,35,61,1
38448ef8-e8db-11ea-933f-b5a29be13390,82,81,34,49,1
38455752-e8db-11ea-933f-b5a29be13390,42,9,66,78,1
38461a34-e8db-11ea-933f-b5a29be13390,86,116,55,64,1
3846a030-e8db-11ea-933f-b5a29be13390,130,71,61,92,1
384706ec-e8db-11ea-933f-b5a29be13390,108,59,23,47,1
3847724e-e8db-11ea-933f-b5a29be13390,172,72,37,47,1
3847d7e8-e8db-11ea-933f-b5a29be13390,204,83,49,48,1
38483a3a-e8db-11ea-933f-b5a29be13390,136,83,25,51,1
3848a3b2-e8db-11ea-933f-b5a29be13390,125,122,29,43,1
38491112-e8db-11ea-933f-b5a29be13390,194,86,33,53,1
38497698-e8db-11ea-933f-b5a29be13390,29,92,42,39,1
3849dc00-e8db-11ea-933f-b5a29be13390,12,167,64,88,1
384a3ce0-e8db-11ea-933f-b5a29be13390,107,99,52,83,1
384aa748-e8db-11ea-933f-b5a29be13390,82,63,42,48,1
384b0cc4-e8db-11ea-933f-b5a29be13390,136,32,31,55,1
384b74e8-e8db-11ea-933f-b5a29be13390,73,107,34,62,1
384bd5fa-e8db-11ea-933f-b5a29be13390,100,89,29,48,1
384c3a04-e8db-11ea-933f-b5a29be13390,96,82,26,51,1
384c96c0-e8db-11ea-933f-b5a29be13390,102,106,23,43,1
384cfbf6-e8db-11ea-933f-b5a29be13390,100,38,31,48,1
384d6514-e8db-11ea-933f-b5a29be13390,103,100,33,30,1
384dc9f0-e8db-11ea-933f-b5a29be13390,81,134,22,47,1
384e2af8-e8db-11ea-933f-b5a29be13390,41,79,56,51,1
384e8b56-e8db-11ea-933f-b5a29be13390,66,72,38,46,1
384ef000-e8db-11ea-933f-b5a29be13390,140,101,32,61,1
384f5c8e-e8db-11ea-933f-b5a29be13390,59,131,45,62,1
384fc598-e8db-11ea-933f-b5a29be13390,155,31,48,60,1
38502c0e-e8db-11ea-933f-b5a29be13390,152,70,37,53,1
3850943c-e8db-11ea-933f-b5a29be13390,202,115,31,46,1
3850f94a-e8db-11ea-933f-b5a29be13390,69,103,42,45,1
38515ec6-e8db-11ea-933f-b5a29be13390,107,97,28,53,1
3851bf9c-e8db-11ea-933f-b5a29be13390,14,89,67,100,1
38521faa-e8db-11ea-933f-b5a29be13390,115,79,22,46,1
38851a5e-e8db-11ea-933f-b5a29be13390,187,125,36,64,1
3885e790-e8db-11ea-933f-b5a29be13390,67,136,40,51,1
3886abda-e8db-11ea-933f-b5a29be13390,22,121,45,56,1
388779f2-e8db-11ea-933f-b5a29be13390,137,87,24,32,1
38883a72-e8db-11ea-933f-b5a29be13390,75,75,48,68,1
38890268-e8db-11ea-933f-b5a29be13390,150,57,34,42,1
3889c888-e8db-11ea-933f-b5a29be13390,124,66,26,48,1
388a8c8c-e8db-11ea-933f-b5a29be13390,68,76,33,41,1
388b5036-e8db-11ea-933f-b5a29be13390,196,66,50,70,1
388c0fb2-e8db-11ea-933f-b5a29be13390,100,100,38,53,1
388cd988-e8db-11ea-933f-b5a29be13390,91,100,38,52,1
388daa20-e8db-11ea-933f-b5a29be13390,33,15,55,119,1
388e6fd2-e8db-11ea-933f-b5a29be13390,83,136,45,59,1
388f35de-e8db-11ea-933f-b5a29be13390,11,83,65,81,1
388ff758-e8db-11ea-933f-b5a29be13390,152,47,90,99,1
3890bf4e-e8db-11ea-933f-b5a29be13390,119,65,36,62,1
38918aa0-e8db-11ea-933f-b5a29be13390,84,104,44,43,1
3892517e-e8db-11ea-933f-b5a29be13390,49,81,29,38,1
38931794-e8db-11ea-933f-b5a29be13390,97,29,41,45,1
3893e50c-e8db-11ea-933f-b5a29be13390,96,86,48,45,1
3894adac-e8db-11ea-933f-b5a29be13390,128,0,59,93,1
38957106-e8db-11ea-933f-b5a29be13390,139,59,32,51,1
38962ed4-e8db-11ea-933f-b5a29be13390,84,100,28,48,1
3896f3dc-e8db-11ea-933f-b5a29be13390,131,103,37,44,1
389762fe-e8db-11ea-933f-b5a29be13390,19,160,60,88,1
38982c66-e8db-11ea-933f-b5a29be13390,58,65,85,99,1
3898f9d4-e8db-11ea-933f-b5a29be13390,117,122,31,46,1
3899c8b4-e8db-11ea-933f-b5a29be13390,101,110,21,30,1
389a93a2-e8db-11ea-933f-b5a29be13390,144,90,39,48,1
389b5f9e-e8db-11ea-933f-b5a29be13390,35,56,76,130,1
389c2910-e8db-11ea-933f-b5a29be13390,91,81,29,42,1
389cf17e-e8db-11ea-933f-b5a29be13390,110,2,47,96,1
389db99c-e8db-11ea-933f-b5a29be13390,168,44,33,48,1
389e7fd0-e8db-11ea-933f-b5a29be13390,62,134,40,50,1
389f03b0-e8db-11ea-933f-b5a29be13390,52,114,62,79,1
389f67ba-e8db-11ea-933f-b5a29be13390,93,29,31,58,1
38a064c6-e8db-11ea-933f-b5a29be13390,115,44,38,47,1
38a0d9e2-e8db-11ea-933f-b5a29be13390,72,97,68,64,1
38a14a26-e8db-11ea-933f-b5a29be13390,163,85,30,39,1
38a1b72c-e8db-11ea-933f-b5a29be13390,60,60,41,54,1
38a21f96-e8db-11ea-933f-b5a29be13390,94,94,33,58,1
38a28d82-e8db-11ea-933f-b5a29be13390,97,34,39,49,1
38a2f84e-e8db-11ea-933f-b5a29be13390,12,128,33,59,1
38a35bc2-e8db-11ea-933f-b5a29be13390,131,69,28,48,1
38a3c01c-e8db-11ea-933f-b5a29be13390,148,33,31,59,1
38a42610-e8db-11ea-933f-b5a29be13390,188,154,60,90,1
38a488f8-e8db-11ea-933f-b5a29be13390,162,48,31,42,1
38a4f5fe-e8db-11ea-933f-b5a29be13390,110,144,33,43,1
38a55dfa-e8db-11ea-933f-b5a29be13390,87,46,42,80,1
38a5cbaa-e8db-11ea-933f-b5a29be13390,74,70,29,61,1
38a63900-e8db-11ea-933f-b5a29be13390,66,84,26,42,1
38a69c42-e8db-11ea-933f-b5a29be13390,76,113,111,135,1
38a6eb02-e8db-11ea-933f-b5a29be13390,125,24,60,74,1
38a757ae-e8db-11ea-933f-b5a29be13390,70,71,40,56,1
38a7bf64-e8db-11ea-933f-b5a29be13390,144,40,47,43,1
38a824b8-e8db-11ea-933f-b5a29be13390,24,19,45,64,1
38a889ee-e8db-11ea-933f-b5a29be13390,60,104,31,53,1
38a8fa28-e8db-11ea-933f-b5a29be13390,139,88,39,61,1
38a960d0-e8db-11ea-933f-b5a29be13390,65,31,38,61,1
38a99f50-e8db-11ea-933f-b5a29be13390,164,45,45,68,1
38aa018e-e8db-11ea-933f-b5a29be13390,11,94,36,59,1
38aa68fe-e8db-11ea-933f-b5a29be13390,142,83,35,36,1
38aaccd6-e8db-11ea-933f-b5a29be13390,41,2,36,53,1
38ab31da-e8db-11ea-933f-b5a29be13390,41,167,56,66,1
38e0469a-e8db-11ea-933f-b5a29be13390,164,93,30,41,1
38e116f6-e8db-11ea-933f-b5a29be13390,161,63,32,47,1
38e1e3d8-e8db-11ea-933f-b5a29be13390,51,42,50,80,1
38e2b114-e8db-11ea-933f-b5a29be13390,14,168,43,81,1
38e373a6-e8db-11ea-933f-b5a29be13390,4,16,86,132,1
38e439f8-e8db-11ea-933f-b5a29be13390,124,103,33,73,1
38e50054-e8db-11ea-933f-b5a29be13390,158,108,38,37,1
38e5c43a-e8db-11ea-933f-b5a29be13390,124,81,40,59,1
38e69374-e8db-11ea-933f-b5a29be13390,116,81,37,45,1
38e740f8-e8db-11ea-933f-b5a29be13390,128,98,33,34,1
38e7fe94-e8db-11ea-933f-b5a29be13390,107,155,43,60,1
38e8bf1e-e8db-11ea-933f-b5a29be13390,93,78,43,52,1
38e97f94-e8db-11ea-933f-b5a29be13390,137,105,50,48,1
38ea4f14-e8db-11ea-933f-b5a29be13390,82,76,33,39,1
38eb1ebc-e8db-11ea-933f-b5a29be13390,95,102,27,42,1
38ebe14e-e8db-11ea-933f-b5a29be13390,150,90,57,59,1
38eca5de-e8db-11ea-933f-b5a29be13390,111,92,42,57,1
38ed67f8-e8db-11ea-933f-b5a29be13390,85,38,42,66,1
38ee27c4-e8db-11ea-933f-b5a29be13390,46,3,67,105,1
38eee4c0-e8db-11ea-933f-b5a29be13390,107,63,22,43,1
38efa98c-e8db-11ea-933f-b5a29be13390,127,69,44,57,1
38f06e80-e8db-11ea-933f-b5a29be13390,155,30,46,53,1
38f12dc0-e8db-11ea-933f-b5a29be13390,25,67,64,76,1
38f1f598-e8db-11ea-933f-b5a29be13390,116,49,50,107,1
38f2b668-e8db-11ea-933f-b5a29be13390,106,71,46,65,1
38f37ef4-e8db-11ea-933f-b5a29be13390,125,112,34,59,1
38f447bc-e8db-11ea-933f-b5a29be13390,154,120,43,63,1
38f50daa-e8db-11ea-933f-b5a29be13390,161,72,33,46,1
38f5d956-e8db-11ea-933f-b5a29be13390,197,25,34,74,1
38f6a9a8-e8db-11ea-933f-b5a29be13390,138,125,114,126,1
38f76b36-e8db-11ea-933f-b5a29be13390,91,73,35,39,1
38f831ec-e8db-11ea-933f-b5a29be13390,173,114,59,73,1
38f8fd98-e8db-11ea-933f-b5a29be13390,161,95,27,51,1
38f9c354-e8db-11ea-933f-b5a29be13390,114,132,59,69,1
38fa3866-e8db-11ea-933f-b5a29be13390,35,151,57,69,1
38faa184-e8db-11ea-933f-b5a29be13390,196,92,36,51,1
38fb04c6-e8db-11ea-933f-b5a29be13390,120,63,25,45,1
38fb6a42-e8db-11ea-933f-b5a29be13390,93,93,31,55,1
38fbcff0-e8db-11ea-933f-b5a29be13390,39,90,42,50,1
38fc32c4-e8db-11ea-933f-b5a29be13390,218,89,37,56,1
38fc971e-e8db-11ea-933f-b5a29be13390,173,97,33,51,1
38fcfd3a-e8db-11ea-933f-b5a29be13390,44,72,35,38,1
38fd632e-e8db-11ea-933f-b5a29be13390,42,89,62,104,1
38fdc8be-e8db-11ea-933f-b5a29be13390,133,65,26,54,1
38fe2a5c-e8db-11ea-933f-b5a29be13390,124,41,49,56,1
38fe89c0-e8db-11ea-933f-b5a29be13390,108,43,26,47,1
38fefe00-e8db-11ea-933f-b5a29be13390,202,85,33,36,1
38ff62f0-e8db-11ea-933f-b5a29be13390,191,85,44,54,1
38ffb52a-e8db-11ea-933f-b5a29be13390,108,98,34,39,1
39001600-e8db-11ea-933f-b5a29be13390,156,115,41,41,1
39007adc-e8db-11ea-933f-b5a29be13390,82,107,32,40,1
3900e030-e8db-11ea-933f-b5a29be13390,82,49,47,95,1
39013d6e-e8db-11ea-933f-b5a29be13390,64,82,30,39,1
39019fd4-e8db-11ea-933f-b5a29be13390,108,63,30,48,1
390207b2-e8db-11ea-933f-b5a29be13390,105,70,36,74,1
39026aae-e8db-11ea-933f-b5a29be13390,78,64,29,43,1
3902d9e4-e8db-11ea-933f-b5a29be13390,149,90,28,33,1
39033ce0-e8db-11ea-933f-b5a29be13390,145,45,42,63,1
39039c30-e8db-11ea-933f-b5a29be13390,122,137,33,62,1
3903ff04-e8db-11ea-933f-b5a29be13390,57,52,45,40,1
39046912-e8db-11ea-933f-b5a29be13390,41,55,45,81,1
3904ca9c-e8db-11ea-933f-b5a29be13390,120,118,25,42,1
39053248-e8db-11ea-933f-b5a29be13390,106,131,30,54,1
39059cc4-e8db-11ea-933f-b5a29be13390,162,132,43,59,1
3937dd88-e8db-11ea-933f-b5a29be13390,111,108,22,42,1
3938a722-e8db-11ea-933f-b5a29be13390,98,131,23,51,1
39396fd6-e8db-11ea-933f-b5a29be13390,104,68,67,56,1
393a3830-e8db-11ea-933f-b5a29be13390,140,79,42,55,1
393b017a-e8db-11ea-933f-b5a29be13390,154,95,32,53,1
393bc9b6-e8db-11ea-933f-b5a29be13390,25,90,45,61,1
393c8b3a-e8db-11ea-933f-b5a29be13390,107,86,24,36,1
393d4b9c-e8db-11ea-933f-b5a29be13390,203,118,52,48,1
393e1342-e8db-11ea-933f-b5a29be13390,8,58,67,96,1
393ed782-e8db-11ea-933f-b5a29be13390,16,50,55,62,1
393f8b1e-e8db-11ea-933f-b5a29be13390,94,33,43,56,1
39405170-e8db-11ea-933f-b5a29be13390,40,105,77,85,1
394115f6-e8db-11ea-933f-b5a29be13390,79,98,42,46,1
3941e09e-e8db-11ea-933f-b5a29be13390,46,70,44,40,1
3942a560-e8db-11ea-933f-b5a29be13390,14,136,61,76,1
39436860-e8db-11ea-933f-b5a29be13390,96,70,39,49,1
39442962-e8db-11ea-933f-b5a29be13390,135,83,41,59,1
3944f25c-e8db-11ea-933f-b5a29be13390,121,64,27,41,1
3945b9f8-e8db-11ea-933f-b5a29be13390,148,93,24,36,1
39468356-e8db-11ea-933f-b5a29be13390,89,94,44,43,1
39474d22-e8db-11ea-933f-b5a29be13390,62,127,43,91,1
39481d9c-e8db-11ea-933f-b5a29be13390,66,105,74,86,1
3948ec7c-e8db-11ea-933f-b5a29be13390,134,142,49,72,1
3949abd0-e8db-11ea-933f-b5a29be13390,108,132,60,81,1
394a7e16-e8db-11ea-933f-b5a29be13390,140,64,39,51,1
394b3ef0-e8db-11ea-933f-b5a29be13390,59,103,50,60,1
394c013c-e8db-11ea-933f-b5a29be13390,97,76,48,72,1
394cca2c-e8db-11ea-933f-b5a29be13390,149,87,32,36,1
394d9326-e8db-11ea-933f-b5a29be13390,145,17,31,61,1
394e5ea0-e8db-11ea-933f-b5a29be13390,147,156,22,42,1
394f268c-e8db-11ea-933f-b5a29be13390,153,104,28,32,1
394fec02-e8db-11ea-933f-b5a29be13390,78,51,41,44,1
3950ae9e-e8db-11ea-933f-b5a29be13390,111,74,40,48,1
39516e88-e8db-11ea-933f-b5a29be13390,178,126,31,67,1
395230fc-e8db-11ea-933f-b5a29be13390,191,114,44,72,1
3952e59c-e8db-11ea-933f-b5a29be13390,103,78,49,53,1
39536364-e8db-11ea-933f-b5a29be13390,61,83,33,52,1
3953cf48-e8db-11ea-933f-b5a29be13390,163,74,27,45,1
39543082-e8db-11ea-933f-b5a29be13390,81,156,31,67,1
395492a2-e8db-11ea-933f-b5a29be13390,133,59,40,47,1
3954fc6a-e8db-11ea-933f-b5a29be13390,63,76,39,36,1
3955625e-e8db-11ea-933f-b5a29be13390,80,46,53,57,1
3955c866-e8db-11ea-933f-b5a29be13390,61,110,31,46,1
39562d2e-e8db-11ea-933f-b5a29be13390,90,110,36,46,1
395698c2-e8db-11ea-933f-b5a29be13390,157,85,38,40,1
3956faba-e8db-11ea-933f-b5a29be13390,51,100,37,58,1
39574efc-e8db-11ea-933f-b5a29be13390,68,134,37,62,1
3957a9c4-e8db-11ea-933f-b5a29be13390,108,67,71,114,1
39581332-e8db-11ea-933f-b5a29be13390,146,94,33,44,1
395874a8-e8db-11ea-933f-b5a29be13390,146,117,41,63,1
3958da06-e8db-11ea-933f-b5a29be13390,55,124,32,60,1
395938d4-e8db-11ea-933f-b5a29be13390,46,48,58,56,1
3959ad64-e8db-11ea-933f-b5a29be13390,48,41,44,86,1
395a109c-e8db-11ea-933f-b5a29be13390,130,117,39,58,1
395a785c-e8db-11ea-933f-b5a29be13390,101,83,20,36,1
395adb44-e8db-11ea-933f-b5a29be13390,12,52,44,69,1
395b40de-e8db-11ea-933f-b5a29be13390,40,112,58,71,1
395ba100-e8db-11ea-933f-b5a29be13390,114,140,29,56,1
395c0816-e8db-11ea-933f-b5a29be13390,27,51,65,90,1
395c618a-e8db-11ea-933f-b5a29be13390,90,79,34,76,1
395ccbe8-e8db-11ea-933f-b5a29be13390,132,86,35,52,1
395d2c6e-e8db-11ea-933f-b5a29be13390,91,126,35,71,1
395d8fba-e8db-11ea-933f-b5a29be13390,100,16,52,71,1
395df432-e8db-11ea-933f-b5a29be13390,65,83,26,43,1
39925ff6-e8db-11ea-933f-b5a29be13390,22,56,103,89,1
39932698-e8db-11ea-933f-b5a29be13390,119,87,51,46,1
3993fa28-e8db-11ea-933f-b5a29be13390,106,51,41,66,1
3994c3f4-e8db-11ea-933f-b5a29be13390,61,84,39,68,1
39958852-e8db-11ea-933f-b5a29be13390,179,97,32,41,1
39965174-e8db-11ea-933f-b5a29be13390,112,119,24,43,1
399710d2-e8db-11ea-933f-b5a29be13390,84,91,48,65,1
3997d79c-e8db-11ea-933f-b5a29be13390,81,71,34,75,1
3998a97e-e8db-11ea-933f-b5a29be13390,66,43,27,46,1
399974b2-e8db-11ea-933f-b5a29be13390,150,73,27,48,1
399a4194-e8db-11ea-933f-b5a29be13390,175,150,47,57,1
399b0908-e8db-11ea-933f-b5a29be13390,99,68,25,46,1
399bc62c-e8db-11ea-933f-b5a29be13390,59,83,34,53,1
399c86a2-e8db-11ea-933f-b5a29be13390,160,71,29,53,1
399d4998-e8db-11ea-933f-b5a29be13390,106,97,30,36,1
399e03a6-e8db-11ea-933f-b5a29be13390,152,52,34,60,1
399ecf20-e8db-11ea-933f-b5a29be13390,86,170,33,68,1
399fa076-e8db-11ea-933f-b5a29be13390,43,2,64,79,1
39a0598a-e8db-11ea-933f-b5a29be13390,77,117,26,36,1
39a12392-e8db-11ea-933f-b5a29be13390,162,97,40,48,1
39a1e8fe-e8db-11ea-933f-b5a29be13390,51,62,40,68,1
39a2b202-e8db-11ea-933f-b5a29be13390,25,55,40,61,1
39a37714-e8db-11ea-933f-b5a29be13390,109,106,38,43,1
39a444a0-e8db-11ea-933f-b5a29be13390,148,45,26,51,1
39a50fb6-e8db-11ea-933f-b5a29be13390,159,57,53,78,1
39a5d022-e8db-11ea-933f-b5a29be13390,15,52,56,55,1
39a68f3a-e8db-11ea-933f-b5a29be13390,25,46,53,82,1
39a7569a-e8db-11ea-933f-b5a29be13390,82,120,37,73,1
39a8194a-e8db-11ea-933f-b5a29be13390,90,68,35,52,1
39a8da42-e8db-11ea-933f-b5a29be13390,170,73,27,51,1
39a9a0ee-e8db-11ea-933f-b5a29be13390,100,97,21,38,1
39aa6e02-e8db-11ea-933f-b5a29be13390,120,66,32,38,1
39ab321a-e8db-11ea-933f-b5a29be13390,123,84,58,66,1
39abf3b2-e8db-11ea-933f-b5a29be13390,145,94,26,38,1
39ac61ee-e8db-11ea-933f-b5a29be13390,154,64,38,40,1
39acbd7e-e8db-11ea-933f-b5a29be13390,123,56,45,59,1
39ad28e0-e8db-11ea-933f-b5a29be13390,86,100,28,44,1
39ad8d58-e8db-11ea-933f-b5a29be13390,80,117,36,46,1
39adf6f8-e8db-11ea-933f-b5a29be13390,165,160,36,72,1
39ae5bde-e8db-11ea-933f-b5a29be13390,164,84,27,46,1
39aec6fa-e8db-11ea-933f-b5a29be13390,145,70,32,51,1
39af274e-e8db-11ea-933f-b5a29be13390,88,88,49,40,1
39af8fcc-e8db-11ea-933f-b5a29be13390,164,82,33,52,1
39afee90-e8db-11ea-933f-b5a29be13390,156,54,33,74,1
39b054d4-e8db-11ea-933f-b5a29be13390,52,80,42,77,1
39b0bb18-e8db-11ea-933f-b5a29be13390,107,92,26,34,1
39b11d42-e8db-11ea-933f-b5a29be13390,154,122,38,54,1
39b17ec2-e8db-11ea-933f-b5a29be13390,169,62,36,50,1
39b1ec36-e8db-11ea-933f-b5a29be13390,66,25,48,65,1
39b25054-e8db-11ea-933f-b5a29be13390,152,53,85,111,1
39b2b2c4-e8db-11ea-933f-b5a29be13390,148,103,25,39,1
39b311ce-e8db-11ea-933f-b5a29be13390,105,80,38,35,1
39b37dda-e8db-11ea-933f-b5a29be13390,89,78,38,45,1
39b3e4a0-e8db-11ea-933f-b5a29be13390,68,125,53,114,1
39b442c4-e8db-11ea-933f-b5a29be13390,162,113,38,69,1
39b4a714-e8db-11ea-933f-b5a29be13390,127,8,56,65,1
39b51596-e8db-11ea-933f-b5a29be13390,136,85,27,36,1
39b576f8-e8db-11ea-933f-b5a29be13390,116,105,43,53,1
39b5e23c-e8db-11ea-933f-b5a29be13390,58,117,42,49,1
39b648da-e8db-11ea-933f-b5a29be13390,66,47,48,80,1
39b6aeec-e8db-11ea-933f-b5a29be13390,159,130,41,46,1
39b715b2-e8db-11ea-933f-b5a29be13390,70,106,70,69,1
39b76f62-e8db-11ea-933f-b5a29be13390,19,77,36,50,1
39b7ce08-e8db-11ea-933f-b5a29be13390,72,140,41,65,1
39f4351e-e8db-11ea-933f-b5a29be13390,162,121,30,54,1
39f4fac6-e8db-11ea-933f-b5a29be13390,141,75,32,36,1
39f5bd9e-e8db-11ea-933f-b5a29be13390,162,105,39,41,1
39f68076-e8db-11ea-933f-b5a29be13390,145,102,26,43,1
39f7495c-e8db-11ea-933f-b5a29be13390,121,33,38,50,1
39f80efa-e8db-11ea-933f-b5a29be13390,26,53,68,67,1
39f8d5d8-e8db-11ea-933f-b5a29be13390,124,93,48,62,1
39f99c66-e8db-11ea-933f-b5a29be13390,166,38,28,46,1
39fa5fca-e8db-11ea-933f-b5a29be13390,197,137,51,72,1
39fb156e-e8db-11ea-933f-b5a29be13390,132,70,34,60,1
39fbd440-e8db-11ea-933f-b5a29be13390,111,1,52,71,1
39fc8d72-e8db-11ea-933f-b5a29be13390,136,50,34,41,1
39fd525c-e8db-11ea-933f-b5a29be13390,113,87,20,40,1
39fe12dc-e8db-11ea-933f-b5a29be13390,51,125,34,57,1
39fed848-e8db-11ea-933f-b5a29be13390,163,94,24,36,1
39ffa368-e8db-11ea-933f-b5a29be13390,79,57,23,43,1
3a006f1e-e8db-11ea-933f-b5a29be13390,122,19,45,79,1
3a013566-e8db-11ea-933f-b5a29be13390,130,128,37,53,1
3a01f7b2-e8db-11ea-933f-b5a29be13390,148,80,60,92,1
3a02bee0-e8db-11ea-933f-b5a29be13390,90,41,33,50,1
3a038ae6-e8db-11ea-933f-b5a29be13390,193,22,49,89,1
3a044fb2-e8db-11ea-933f-b5a29be13390,191,34,33,61,1
3a05146a-e8db-11ea-933f-b5a29be13390,86,55,37,56,1
3a05dfc6-e8db-11ea-933f-b5a29be13390,107,42,36,57,1
3a06a74e-e8db-11ea-933f-b5a29be13390,0,170,40,62,1
3a075f54-e8db-11ea-933f-b5a29be13390,4,65,57,67,1
3a08268c-e8db-11ea-933f-b5a29be13390,78,89,35,54,1
3a08eb76-e8db-11ea-933f-b5a29be13390,99,34,40,60,1
3a09a6f6-e8db-11ea-933f-b5a29be13390,65,41,34,72,1
3a0a6b36-e8db-11ea-933f-b5a29be13390,115,112,37,51,1
3a0b2da0-e8db-11ea-933f-b5a29be13390,124,123,34,58,1
3a0be1dc-e8db-11ea-933f-b5a29be13390,84,101,23,43,1
3a0c9bcc-e8db-11ea-933f-b5a29be13390,105,96,24,37,1
3a0d66ce-e8db-11ea-933f-b5a29be13390,146,63,35,48,1
3a0e0002-e8db-11ea-933f-b5a29be13390,82,56,36,60,1
3a0e6b64-e8db-11ea-933f-b5a29be13390,54,15,72,73,1
3a0ed5d6-e8db-11ea-933f-b5a29be13390,110,69,35,74,1
3a0f3cd8-e8db-11ea-933f-b5a29be13390,73,41,26,52,1
3a0fa2d6-e8db-11ea-933f-b5a29be13390,140,107,40,44,1
3a100a46-e8db-11ea-933f-b5a29be13390,130,189,31,59,1
3a1070a8-e8db-11ea-933f-b5a29be13390,137,102,29,40,1
3a10ca3a-e8db-11ea-933f-b5a29be13390,118,72,44,55,1
3a113196-e8db-11ea-933f-b5a29be13390,107,115,53,50,1
3a119e06-e8db-11ea-933f-b5a29be13390,34,27,31,50,1
3a11ff0e-e8db-11ea-933f-b5a29be13390,203,74,44,53,1
3a125e86-e8db-11ea-933f-b5a29be13390,175,47,53,52,1
3a12c466-e8db-11ea-933f-b5a29be13390,116,61,50,95,1
3a132a8c-e8db-11ea-933f-b5a29be13390,124,102,34,55,1
3a13909e-e8db-11ea-933f-b5a29be13390,111,77,33,49,1
3a13f688-e8db-11ea-933f-b5a29be13390,8,21,48,69,1
3a14548e-e8db-11ea-933f-b5a29be13390,198,66,28,47,1
3a14bae6-e8db-11ea-933f-b5a29be13390,119,138,36,62,1
